 trade_date | contracts | total_iv_records | non_null_iv | null_iv_count | iv_coverage_pct 
------------+-----------+------------------+-------------+---------------+-----------------
 2023-01-03 |        34 |             2686 |        1979 |           707 |           73.68
 2023-01-04 |        38 |             3002 |        2606 |           396 |           86.81
 2023-01-05 |        30 |             2370 |        1891 |           479 |           79.79
 2023-01-06 |        34 |             2686 |        2334 |           352 |           86.90
 2023-01-09 |        26 |             2054 |        1830 |           224 |           89.09
 2023-01-10 |        30 |             2370 |        2066 |           304 |           87.17
 2023-01-11 |        26 |             2054 |        1805 |           249 |           87.88
 2023-01-12 |        30 |             2370 |        2009 |           361 |           84.77
 2023-01-13 |        26 |             2054 |        1842 |           212 |           89.68
 2023-01-17 |        22 |             1738 |        1493 |           245 |           85.90
 2023-01-18 |        30 |             2370 |        1678 |           692 |           70.80
 2023-01-19 |        26 |             2054 |        1767 |           287 |           86.03
 2023-01-20 |        30 |             2370 |        2066 |           304 |           87.17
 2023-01-23 |        34 |             2686 |        2394 |           292 |           89.13
 2023-01-24 |        30 |             2370 |        2074 |           296 |           87.51
 2023-01-25 |        30 |             2370 |        2037 |           333 |           85.95
 2023-01-26 |        26 |             2054 |        1723 |           331 |           83.89
 2023-01-27 |        30 |             2370 |        2066 |           304 |           87.17
 2023-01-30 |        26 |             2054 |        1762 |           292 |           85.78
 2023-01-31 |        26 |             2054 |        1891 |           163 |           92.06
(20 rows)

